1764165028096 25.986570980087464 0
1764165028096 25.986570980087464 0
1764165028096 25.986570980087464 0
1764165028096 25.986570980087464 0
1764165028096 25.986570980087464 0
1764165028096 25.986570980087464 0
1764165028096 25.986570980087464 0
1764165028096 25.986570980087464 0
1764165028096 25.986570980087464 0
1764165028096 25.986570980087464 0
1764165028096 25.986570980087464 0
1764165028096 25.986570980087464 0
1764165028096 25.986570980087464 0
1764165028096 25.986570980087464 0
1764165028096 25.986570980087464 0
1764165028096 25.986570980087464 0
1764165028096 25.986570980087464 0
1764165028096 25.986570980087464 0
1764165028096 25.986570980087464 0
1764165028096 25.986570980087464 0
1764165028096 25.986570980087464 0
1764165028096 25.986570980087464 0
1764165028096 25.986570980087464 0
1764165028096 25.986570980087464 0
1764165028096 25.986570980087464 0
1764165028096 25.986570980087464 0
1764165028096 25.986570980087464 0
1764165028096 25.986570980087464 0
1764165028096 25.986570980087464 0
1764165028096 25.986570980087464 0
1764165028096 25.986570980087464 0
1764165028096 25.986570980087464 0
