1764165028085 0.9209535759096612 0
1764165028085 0.9209535759096612 0
1764165028085 0.9209535759096612 0
1764165028085 0.9209535759096612 0
1764165028085 0.9209535759096612 0
1764165028085 0.9209535759096612 0
1764165028085 0.9209535759096612 0
1764165028085 0.9209535759096612 0
1764165028085 0.9209535759096612 0
1764165028085 0.9209535759096612 0
1764165028085 0.9209535759096612 0
1764165028085 0.9209535759096612 0
1764165028085 0.9209535759096612 0
1764165028085 0.9209535759096612 0
1764165028085 0.9209535759096612 0
1764165028085 0.9209535759096612 0
1764165028085 0.9209535759096612 0
1764165028085 0.9209535759096612 0
1764165028085 0.9209535759096612 0
1764165028085 0.9209535759096612 0
1764165028085 0.9209535759096612 0
1764165028085 0.9209535759096612 0
1764165028085 0.9209535759096612 0
1764165028085 0.9209535759096612 0
1764165028085 0.9209535759096612 0
1764165028085 0.9209535759096612 0
1764165028085 0.9209535759096612 0
1764165028085 0.9209535759096612 0
1764165028085 0.9209535759096612 0
1764165028085 0.9209535759096612 0
1764165028085 0.9209535759096612 0
1764165028085 0.9209535759096612 0
