1764164687204 26.902564102564096 0
1764164687204 26.902564102564096 0
1764164687204 26.902564102564096 0
1764164687204 26.902564102564096 0
1764164687204 26.902564102564096 0
1764164687204 26.902564102564096 0
1764164687204 26.902564102564096 0
1764164687204 26.902564102564096 0
1764164687204 26.902564102564096 0
1764164687204 26.902564102564096 0
1764164687204 26.902564102564096 0
1764164687204 26.902564102564096 0
1764164687204 26.902564102564096 0
1764164687204 26.902564102564096 0
1764164687204 26.902564102564096 0
1764164687204 26.902564102564096 0
1764164687204 26.902564102564096 0
1764164687204 26.902564102564096 0
1764164687204 26.902564102564096 0
1764164687204 26.902564102564096 0
1764164687204 26.902564102564096 0
1764164687204 26.902564102564096 0
1764164687204 26.902564102564096 0
1764164687204 26.902564102564096 0
1764164687204 26.902564102564096 0
1764164687204 26.902564102564096 0
1764164687204 26.902564102564096 0
1764164687204 26.902564102564096 0
1764164687204 26.902564102564096 0
1764164687204 26.902564102564096 0
1764164687204 26.902564102564096 0
1764164687204 26.902564102564096 0
