1764164687237 1.0 0
1764164687237 1.0 0
1764164687237 1.0 0
1764164687237 1.0 0
1764164687237 1.0 0
1764164687237 1.0 0
1764164687237 1.0 0
1764164687237 1.0 0
1764164687237 1.0 0
1764164687237 1.0 0
1764164687237 1.0 0
1764164687237 1.0 0
1764164687237 1.0 0
1764164687237 1.0 0
1764164687237 1.0 0
1764164687237 1.0 0
1764164687237 1.0 0
1764164687237 1.0 0
1764164687237 1.0 0
1764164687237 1.0 0
1764164687237 1.0 0
1764164687237 1.0 0
1764164687237 1.0 0
1764164687237 1.0 0
1764164687237 1.0 0
1764164687237 1.0 0
1764164687237 1.0 0
1764164687237 1.0 0
1764164687237 1.0 0
1764164687237 1.0 0
1764164687237 1.0 0
1764164687237 1.0 0
