1764164687222 0.9422835633626098 0
1764164687222 0.9422835633626098 0
1764164687222 0.9422835633626098 0
1764164687222 0.9422835633626098 0
1764164687222 0.9422835633626098 0
1764164687222 0.9422835633626098 0
1764164687222 0.9422835633626098 0
1764164687222 0.9422835633626098 0
1764164687222 0.9422835633626098 0
1764164687222 0.9422835633626098 0
1764164687222 0.9422835633626098 0
1764164687222 0.9422835633626098 0
1764164687222 0.9422835633626098 0
1764164687222 0.9422835633626098 0
1764164687222 0.9422835633626098 0
1764164687222 0.9422835633626098 0
1764164687222 0.9422835633626098 0
1764164687222 0.9422835633626098 0
1764164687222 0.9422835633626098 0
1764164687222 0.9422835633626098 0
1764164687222 0.9422835633626098 0
1764164687222 0.9422835633626098 0
1764164687222 0.9422835633626098 0
1764164687222 0.9422835633626098 0
1764164687222 0.9422835633626098 0
1764164687222 0.9422835633626098 0
1764164687222 0.9422835633626098 0
1764164687222 0.9422835633626098 0
1764164687222 0.9422835633626098 0
1764164687222 0.9422835633626098 0
1764164687222 0.9422835633626098 0
1764164687222 0.9422835633626098 0
