1764164687229 0.8886198547215496 0
1764164687229 0.8886198547215496 0
1764164687229 0.8886198547215496 0
1764164687229 0.8886198547215496 0
1764164687229 0.8886198547215496 0
1764164687229 0.8886198547215496 0
1764164687229 0.8886198547215496 0
1764164687229 0.8886198547215496 0
1764164687229 0.8886198547215496 0
1764164687229 0.8886198547215496 0
1764164687229 0.8886198547215496 0
1764164687229 0.8886198547215496 0
1764164687229 0.8886198547215496 0
1764164687229 0.8886198547215496 0
1764164687229 0.8886198547215496 0
1764164687229 0.8886198547215496 0
1764164687229 0.8886198547215496 0
1764164687229 0.8886198547215496 0
1764164687229 0.8886198547215496 0
1764164687229 0.8886198547215496 0
1764164687229 0.8886198547215496 0
1764164687229 0.8886198547215496 0
1764164687229 0.8886198547215496 0
1764164687229 0.8886198547215496 0
1764164687229 0.8886198547215496 0
1764164687229 0.8886198547215496 0
1764164687229 0.8886198547215496 0
1764164687229 0.8886198547215496 0
1764164687229 0.8886198547215496 0
1764164687229 0.8886198547215496 0
1764164687229 0.8886198547215496 0
1764164687229 0.8886198547215496 0
