1764164687243 0.9999049489892909 0
1764164687243 0.9999049489892909 0
1764164687243 0.9999049489892909 0
1764164687243 0.9999049489892909 0
1764164687243 0.9999049489892909 0
1764164687243 0.9999049489892909 0
1764164687243 0.9999049489892909 0
1764164687243 0.9999049489892909 0
1764164687243 0.9999049489892909 0
1764164687243 0.9999049489892909 0
1764164687243 0.9999049489892909 0
1764164687243 0.9999049489892909 0
1764164687243 0.9999049489892909 0
1764164687243 0.9999049489892909 0
1764164687243 0.9999049489892909 0
1764164687243 0.9999049489892909 0
1764164687243 0.9999049489892909 0
1764164687243 0.9999049489892909 0
1764164687243 0.9999049489892909 0
1764164687243 0.9999049489892909 0
1764164687243 0.9999049489892909 0
1764164687243 0.9999049489892909 0
1764164687243 0.9999049489892909 0
1764164687243 0.9999049489892909 0
1764164687243 0.9999049489892909 0
1764164687243 0.9999049489892909 0
1764164687243 0.9999049489892909 0
1764164687243 0.9999049489892909 0
1764164687243 0.9999049489892909 0
1764164687243 0.9999049489892909 0
1764164687243 0.9999049489892909 0
1764164687243 0.9999049489892909 0
