1764164687215 0.941025641025641 0
1764164687215 0.941025641025641 0
1764164687215 0.941025641025641 0
1764164687215 0.941025641025641 0
1764164687215 0.941025641025641 0
1764164687215 0.941025641025641 0
1764164687215 0.941025641025641 0
1764164687215 0.941025641025641 0
1764164687215 0.941025641025641 0
1764164687215 0.941025641025641 0
1764164687215 0.941025641025641 0
1764164687215 0.941025641025641 0
1764164687215 0.941025641025641 0
1764164687215 0.941025641025641 0
1764164687215 0.941025641025641 0
1764164687215 0.941025641025641 0
1764164687215 0.941025641025641 0
1764164687215 0.941025641025641 0
1764164687215 0.941025641025641 0
1764164687215 0.941025641025641 0
1764164687215 0.941025641025641 0
1764164687215 0.941025641025641 0
1764164687215 0.941025641025641 0
1764164687215 0.941025641025641 0
1764164687215 0.941025641025641 0
1764164687215 0.941025641025641 0
1764164687215 0.941025641025641 0
1764164687215 0.941025641025641 0
1764164687215 0.941025641025641 0
1764164687215 0.941025641025641 0
1764164687215 0.941025641025641 0
1764164687215 0.941025641025641 0
