1764165274490 25.986570980087464 0 85c997dad89144df8bfd16f80b6d59a1
1764165274490 25.986570980087464 0 85c997dad89144df8bfd16f80b6d59a1
1764165274490 25.986570980087464 0 85c997dad89144df8bfd16f80b6d59a1
1764165274490 25.986570980087464 0 85c997dad89144df8bfd16f80b6d59a1
1764165274490 25.986570980087464 0 85c997dad89144df8bfd16f80b6d59a1
1764165274490 25.986570980087464 0 85c997dad89144df8bfd16f80b6d59a1
1764165274490 25.986570980087464 0 85c997dad89144df8bfd16f80b6d59a1
1764165274490 25.986570980087464 0 85c997dad89144df8bfd16f80b6d59a1
1764165274490 25.986570980087464 0 85c997dad89144df8bfd16f80b6d59a1
1764165274490 25.986570980087464 0 85c997dad89144df8bfd16f80b6d59a1
1764165274490 25.986570980087464 0 85c997dad89144df8bfd16f80b6d59a1
1764165274490 25.986570980087464 0 85c997dad89144df8bfd16f80b6d59a1
1764165274490 25.986570980087464 0 85c997dad89144df8bfd16f80b6d59a1
1764165274490 25.986570980087464 0 85c997dad89144df8bfd16f80b6d59a1
1764165274490 25.986570980087464 0 85c997dad89144df8bfd16f80b6d59a1
1764165274490 25.986570980087464 0 85c997dad89144df8bfd16f80b6d59a1
