1764164687229 0.8886198547215496 0 a9f20833842c45a0869d84b84483b5bd
1764164687229 0.8886198547215496 0 a9f20833842c45a0869d84b84483b5bd
1764164687229 0.8886198547215496 0 a9f20833842c45a0869d84b84483b5bd
1764164687229 0.8886198547215496 0 a9f20833842c45a0869d84b84483b5bd
1764164687229 0.8886198547215496 0 a9f20833842c45a0869d84b84483b5bd
1764164687229 0.8886198547215496 0 a9f20833842c45a0869d84b84483b5bd
1764164687229 0.8886198547215496 0 a9f20833842c45a0869d84b84483b5bd
1764164687229 0.8886198547215496 0 a9f20833842c45a0869d84b84483b5bd
1764164687229 0.8886198547215496 0 a9f20833842c45a0869d84b84483b5bd
1764164687229 0.8886198547215496 0 a9f20833842c45a0869d84b84483b5bd
1764164687229 0.8886198547215496 0 a9f20833842c45a0869d84b84483b5bd
1764164687229 0.8886198547215496 0 a9f20833842c45a0869d84b84483b5bd
1764164687229 0.8886198547215496 0 a9f20833842c45a0869d84b84483b5bd
1764164687229 0.8886198547215496 0 a9f20833842c45a0869d84b84483b5bd
1764164687229 0.8886198547215496 0 a9f20833842c45a0869d84b84483b5bd
1764164687229 0.8886198547215496 0 a9f20833842c45a0869d84b84483b5bd
