1764165274490 25.986570980087464 0
1764165274490 25.986570980087464 0
1764165274490 25.986570980087464 0
1764165274490 25.986570980087464 0
1764165274490 25.986570980087464 0
1764165274490 25.986570980087464 0
1764165274490 25.986570980087464 0
1764165274490 25.986570980087464 0
1764165274490 25.986570980087464 0
1764165274490 25.986570980087464 0
1764165274490 25.986570980087464 0
1764165274490 25.986570980087464 0
1764165274490 25.986570980087464 0
1764165274490 25.986570980087464 0
1764165274490 25.986570980087464 0
1764165274490 25.986570980087464 0
1764165274490 25.986570980087464 0
1764165274490 25.986570980087464 0
1764165274490 25.986570980087464 0
1764165274490 25.986570980087464 0
1764165274490 25.986570980087464 0
1764165274490 25.986570980087464 0
1764165274490 25.986570980087464 0
1764165274490 25.986570980087464 0
1764165274490 25.986570980087464 0
1764165274490 25.986570980087464 0
1764165274490 25.986570980087464 0
1764165274490 25.986570980087464 0
1764165274490 25.986570980087464 0
1764165274490 25.986570980087464 0
1764165274490 25.986570980087464 0
1764165274490 25.986570980087464 0
