1764165274477 0.9209535759096612 0
1764165274477 0.9209535759096612 0
1764165274477 0.9209535759096612 0
1764165274477 0.9209535759096612 0
1764165274477 0.9209535759096612 0
1764165274477 0.9209535759096612 0
1764165274477 0.9209535759096612 0
1764165274477 0.9209535759096612 0
1764165274477 0.9209535759096612 0
1764165274477 0.9209535759096612 0
1764165274477 0.9209535759096612 0
1764165274477 0.9209535759096612 0
1764165274477 0.9209535759096612 0
1764165274477 0.9209535759096612 0
1764165274477 0.9209535759096612 0
1764165274477 0.9209535759096612 0
1764165274477 0.9209535759096612 0
1764165274477 0.9209535759096612 0
1764165274477 0.9209535759096612 0
1764165274477 0.9209535759096612 0
1764165274477 0.9209535759096612 0
1764165274477 0.9209535759096612 0
1764165274477 0.9209535759096612 0
1764165274477 0.9209535759096612 0
1764165274477 0.9209535759096612 0
1764165274477 0.9209535759096612 0
1764165274477 0.9209535759096612 0
1764165274477 0.9209535759096612 0
1764165274477 0.9209535759096612 0
1764165274477 0.9209535759096612 0
1764165274477 0.9209535759096612 0
1764165274477 0.9209535759096612 0
